# Game Level Exporter v1.0
LIGHT
Light
<Matrix 4x4 ( 0.9491, -0.0552,  0.3100, 0.0000)
            (-0.2154,  0.6045,  0.7669, 0.0000)
            (-0.2297, -0.7947,  0.5619, 0.0000)
            ( 1.9548,  5.9039, -0.9262, 1.0000)>
CAMERA
Camera
<Matrix 4x4 ( 0.6859,  0.0000,  0.7277, 0.0000)
            (-0.3240,  0.8954,  0.3054, 0.0000)
            (-0.6516, -0.4453,  0.6142, 0.0000)
            ( 4.3589,  4.9583, -6.9258, 1.0000)>
MESH
Floor_BricksSeparate.h2b
<Matrix 4x4 ( 0.0201, 0.0000, -0.9998, 0.0000)
            (-0.0000, 1.0000, -0.0000, 0.0000)
            ( 0.9998, 0.0000,  0.0201, 0.0000)
            ( 0.2084, 0.0894,  4.6898, 1.0000)>
MESH
Floor_Modular.h2b
<Matrix 4x4 ( 0.0201, 0.0000, -0.9998, 0.0000)
            (-0.0000, 1.0000, -0.0000, 0.0000)
            ( 0.9998, 0.0000,  0.0201, 0.0000)
            ( 0.8676, 0.0000,  3.1290, 1.0000)>
MESH
Floor_Modular.h2b.001
<Matrix 4x4 ( 0.0201, 0.0000, -0.9998, 0.0000)
            (-0.0000, 1.0000, -0.0000, 0.0000)
            ( 0.9998, 0.0000,  0.0201, 0.0000)
            ( 0.9078, 0.0000,  1.1294, 1.0000)>
MESH
Floor_Modular.h2b.002
<Matrix 4x4 ( 0.0201, 0.0000, -0.9998, 0.0000)
            (-0.0000, 1.0000, -0.0000, 0.0000)
            ( 0.9998, 0.0000,  0.0201, 0.0000)
            ( 2.9074, 0.0000,  1.1696, 1.0000)>
MESH
Floor_Modular.h2b.003
<Matrix 4x4 ( 0.0201, 0.0000, -0.9998, 0.0000)
            (-0.0000, 1.0000, -0.0000, 0.0000)
            ( 0.9998, 0.0000,  0.0201, 0.0000)
            ( 2.8672, 0.0000,  3.1692, 1.0000)>
MESH
Floor_Modular.h2b.004
<Matrix 4x4 ( 0.0201, 0.0000, -0.9998, 0.0000)
            (-0.0000, 1.0000, -0.0000, 0.0000)
            ( 0.9998, 0.0000,  0.0201, 0.0000)
            (-3.1316, 0.0000,  3.0485, 1.0000)>
MESH
Floor_Modular.h2b.005
<Matrix 4x4 ( 0.0201, 0.0000, -0.9998, 0.0000)
            (-0.0000, 1.0000, -0.0000, 0.0000)
            ( 0.9998, 0.0000,  0.0201, 0.0000)
            (-3.0914, 0.0000,  1.0489, 1.0000)>
MESH
Floor_Modular.h2b.006
<Matrix 4x4 ( 0.0201, 0.0000, -0.9998, 0.0000)
            (-0.0000, 1.0000, -0.0000, 0.0000)
            ( 0.9998, 0.0000,  0.0201, 0.0000)
            (-1.0918, 0.0000,  1.0892, 1.0000)>
MESH
Floor_Modular.h2b.007
<Matrix 4x4 ( 0.0201, 0.0000, -0.9998, 0.0000)
            (-0.0000, 1.0000, -0.0000, 0.0000)
            ( 0.9998, 0.0000,  0.0201, 0.0000)
            (-1.1320, 0.0000,  3.0888, 1.0000)>
MESH
Floor_Modular.h2b.008
<Matrix 4x4 ( 0.0201, 0.0000, -0.9998, 0.0000)
            (-0.0000, 1.0000, -0.0000, 0.0000)
            ( 0.9998, 0.0000,  0.0201, 0.0000)
            ( 0.9480, 0.0000, -0.8702, 1.0000)>
MESH
Floor_Modular.h2b.009
<Matrix 4x4 ( 0.0201, 0.0000, -0.9998, 0.0000)
            (-0.0000, 1.0000, -0.0000, 0.0000)
            ( 0.9998, 0.0000,  0.0201, 0.0000)
            ( 0.9883, 0.0000, -2.8698, 1.0000)>
MESH
Floor_Modular.h2b.010
<Matrix 4x4 ( 0.0201, 0.0000, -0.9998, 0.0000)
            (-0.0000, 1.0000, -0.0000, 0.0000)
            ( 0.9998, 0.0000,  0.0201, 0.0000)
            ( 2.9879, 0.0000, -2.8296, 1.0000)>
MESH
Floor_Modular.h2b.011
<Matrix 4x4 ( 0.0201, 0.0000, -0.9998, 0.0000)
            (-0.0000, 1.0000, -0.0000, 0.0000)
            ( 0.9998, 0.0000,  0.0201, 0.0000)
            ( 2.9476, 0.0000, -0.8300, 1.0000)>
MESH
Floor_Modular.h2b.012
<Matrix 4x4 ( 0.0201, 0.0000, -0.9998, 0.0000)
            (-0.0000, 1.0000, -0.0000, 0.0000)
            ( 0.9998, 0.0000,  0.0201, 0.0000)
            (-3.0511, 0.0000, -0.9507, 1.0000)>
MESH
Floor_Modular.h2b.013
<Matrix 4x4 ( 0.0201, 0.0000, -0.9998, 0.0000)
            (-0.0000, 1.0000, -0.0000, 0.0000)
            ( 0.9998, 0.0000,  0.0201, 0.0000)
            (-3.0109, 0.0000, -2.9503, 1.0000)>
MESH
Floor_Modular.h2b.014
<Matrix 4x4 ( 0.0201, 0.0000, -0.9998, 0.0000)
            (-0.0000, 1.0000, -0.0000, 0.0000)
            ( 0.9998, 0.0000,  0.0201, 0.0000)
            (-1.0113, 0.0000, -2.9100, 1.0000)>
MESH
Floor_Modular.h2b.015
<Matrix 4x4 ( 0.0201, 0.0000, -0.9998, 0.0000)
            (-0.0000, 1.0000, -0.0000, 0.0000)
            ( 0.9998, 0.0000,  0.0201, 0.0000)
            (-1.0516, 0.0000, -0.9104, 1.0000)>
MESH
Barrel.h2b
<Matrix 4x4 ( 0.0201, 0.0000, -0.9998, 0.0000)
            (-0.0000, 1.0000, -0.0000, 0.0000)
            ( 0.9998, 0.0000,  0.0201, 0.0000)
            (-2.1125, 0.0847,  5.1493, 1.0000)>
MESH
ChestT.h2b
<Matrix 4x4 ( 0.8261, 0.0000,  0.5635, 0.0000)
            ( 0.0000, 1.0000, -0.0000, 0.0000)
            (-0.5635, 0.0000,  0.8261, 0.0000)
            ( 1.9478, 0.0000,  6.1499, 1.0000)>
MESH
Chest.h2b
<Matrix 4x4 ( 0.8261, 0.0000,  0.5635, 0.0000)
            ( 0.0000, 1.0000, -0.0000, 0.0000)
            (-0.5635, 0.0000,  0.8261, 0.0000)
            ( 1.9478, 0.0000,  6.1499, 1.0000)>
MESH
Column2.h2b
<Matrix 4x4 ( 0.0201, 0.0000, -0.9998, 0.0000)
            (-0.0000, 1.0000, -0.0000, 0.0000)
            ( 0.9998, 0.0000,  0.0201, 0.0000)
            (-4.1318, 0.0721,  2.5059, 1.0000)>
MESH
Column2.h2b.001
<Matrix 4x4 ( 0.0201, 0.0000, -0.9998, 0.0000)
            (-0.0000, 1.0000, -0.0000, 0.0000)
            ( 0.9998, 0.0000,  0.0201, 0.0000)
            (-4.0111, 0.0721, -2.3381, 1.0000)>
MESH
Arch_Door.h2b
<Matrix 4x4 ( 0.0201, 0.0000, -0.9998, 0.0000)
            (-0.0000, 1.0000, -0.0000, 0.0000)
            ( 0.9998, 0.0000,  0.0201, 0.0000)
            (-4.0308, 0.0736,  0.0294, 1.0000)>
MESH
Chair.h2b
<Matrix 4x4 (-0.8400, 0.0000,  0.5426, 0.0000)
            ( 0.0000, 1.0000,  0.0000, 0.0000)
            (-0.5426, 0.0000, -0.8400, 0.0000)
            ( 0.9279, 0.0916, -5.1011, 1.0000)>
MESH
Bucket.h2b
<Matrix 4x4 ( 0.0201, 0.0000, -0.9998, 0.0000)
            (-0.0000, 1.0000, -0.0000, 0.0000)
            ( 0.9998, 0.0000,  0.0201, 0.0000)
            ( 1.6573, 0.0293, -5.8266, 1.0000)>
MESH
Vase.h2b
<Matrix 4x4 ( 0.0201, 0.0000, -0.9998, 0.0000)
            (-0.0000, 1.0000, -0.0000, 0.0000)
            ( 0.9998, 0.0000,  0.0201, 0.0000)
            ( 1.2386, 0.0194, -5.5665, 1.0000)>
MESH
Column2.h2b.004
<Matrix 4x4 ( 0.0201, 0.0000, -0.9998, 0.0000)
            (-0.0000, 1.0000, -0.0000, 0.0000)
            ( 0.9998, 0.0000,  0.0201, 0.0000)
            ( 0.3512, 0.0861,  7.7766, 1.0000)>
MESH
Floor_Modular.h2b.016
<Matrix 4x4 ( 0.0201, 0.0000, -0.9998, 0.0000)
            (-0.0000, 1.0000, -0.0000, 0.0000)
            ( 0.9998, 0.0000,  0.0201, 0.0000)
            ( 0.8676, 0.0000,  7.1290, 1.0000)>
MESH
Floor_Modular.h2b.017
<Matrix 4x4 ( 0.0201, 0.0000, -0.9998, 0.0000)
            (-0.0000, 1.0000, -0.0000, 0.0000)
            ( 0.9998, 0.0000,  0.0201, 0.0000)
            ( 0.9078, 0.0000,  5.1294, 1.0000)>
MESH
Floor_Modular.h2b.018
<Matrix 4x4 ( 0.0201, 0.0000, -0.9998, 0.0000)
            (-0.0000, 1.0000, -0.0000, 0.0000)
            ( 0.9998, 0.0000,  0.0201, 0.0000)
            ( 2.9074, 0.0000,  5.1696, 1.0000)>
MESH
Floor_Modular.h2b.019
<Matrix 4x4 ( 0.0201, 0.0000, -0.9998, 0.0000)
            (-0.0000, 1.0000, -0.0000, 0.0000)
            ( 0.9998, 0.0000,  0.0201, 0.0000)
            ( 2.8672, 0.0000,  7.1692, 1.0000)>
MESH
Floor_Modular.h2b.020
<Matrix 4x4 ( 0.0201, 0.0000, -0.9998, 0.0000)
            (-0.0000, 1.0000, -0.0000, 0.0000)
            ( 0.9998, 0.0000,  0.0201, 0.0000)
            (-3.1316, 0.0000,  7.0485, 1.0000)>
MESH
Floor_Modular.h2b.021
<Matrix 4x4 ( 0.0201, 0.0000, -0.9998, 0.0000)
            (-0.0000, 1.0000, -0.0000, 0.0000)
            ( 0.9998, 0.0000,  0.0201, 0.0000)
            (-3.0914, 0.0000,  5.0489, 1.0000)>
MESH
Floor_Modular.h2b.022
<Matrix 4x4 ( 0.0201, 0.0000, -0.9998, 0.0000)
            (-0.0000, 1.0000, -0.0000, 0.0000)
            ( 0.9998, 0.0000,  0.0201, 0.0000)
            (-1.0918, 0.0000,  5.0892, 1.0000)>
MESH
Floor_Modular.h2b.023
<Matrix 4x4 ( 0.0201, 0.0000, -0.9998, 0.0000)
            (-0.0000, 1.0000, -0.0000, 0.0000)
            ( 0.9998, 0.0000,  0.0201, 0.0000)
            (-1.1320, 0.0000,  7.0888, 1.0000)>
MESH
Floor_Modular.h2b.024
<Matrix 4x4 ( 0.0201, 0.0000, -0.9998, 0.0000)
            (-0.0000, 1.0000, -0.0000, 0.0000)
            ( 0.9998, 0.0000,  0.0201, 0.0000)
            ( 0.9480, 0.0000, -4.8702, 1.0000)>
MESH
Floor_Modular.h2b.025
<Matrix 4x4 ( 0.0201, 0.0000, -0.9998, 0.0000)
            (-0.0000, 1.0000, -0.0000, 0.0000)
            ( 0.9998, 0.0000,  0.0201, 0.0000)
            ( 0.9883, 0.0000, -6.8698, 1.0000)>
MESH
Floor_Modular.h2b.026
<Matrix 4x4 ( 0.0201, 0.0000, -0.9998, 0.0000)
            (-0.0000, 1.0000, -0.0000, 0.0000)
            ( 0.9998, 0.0000,  0.0201, 0.0000)
            ( 2.9879, 0.0000, -6.8296, 1.0000)>
MESH
Floor_Modular.h2b.027
<Matrix 4x4 ( 0.0201, 0.0000, -0.9998, 0.0000)
            (-0.0000, 1.0000, -0.0000, 0.0000)
            ( 0.9998, 0.0000,  0.0201, 0.0000)
            ( 2.9476, 0.0000, -4.8300, 1.0000)>
MESH
Floor_Modular.h2b.028
<Matrix 4x4 ( 0.0201, 0.0000, -0.9998, 0.0000)
            (-0.0000, 1.0000, -0.0000, 0.0000)
            ( 0.9998, 0.0000,  0.0201, 0.0000)
            (-3.0511, 0.0000, -4.9507, 1.0000)>
MESH
Floor_Modular.h2b.029
<Matrix 4x4 ( 0.0201, 0.0000, -0.9998, 0.0000)
            (-0.0000, 1.0000, -0.0000, 0.0000)
            ( 0.9998, 0.0000,  0.0201, 0.0000)
            (-3.0109, 0.0000, -6.9503, 1.0000)>
MESH
Floor_Modular.h2b.030
<Matrix 4x4 ( 0.0201, 0.0000, -0.9998, 0.0000)
            (-0.0000, 1.0000, -0.0000, 0.0000)
            ( 0.9998, 0.0000,  0.0201, 0.0000)
            (-1.0113, 0.0000, -6.9100, 1.0000)>
MESH
Floor_Modular.h2b.031
<Matrix 4x4 ( 0.0201, 0.0000, -0.9998, 0.0000)
            (-0.0000, 1.0000, -0.0000, 0.0000)
            ( 0.9998, 0.0000,  0.0201, 0.0000)
            (-1.0516, 0.0000, -4.9104, 1.0000)>
MESH
Floor_Modular.h2b.032
<Matrix 4x4 ( 0.0201, 0.0000, -0.9998, 0.0000)
            (-0.0000, 1.0000, -0.0000, 0.0000)
            ( 0.9998, 0.0000,  0.0201, 0.0000)
            ( 4.8676, 0.0000,  3.1290, 1.0000)>
MESH
Floor_Modular.h2b.033
<Matrix 4x4 ( 0.0201, 0.0000, -0.9998, 0.0000)
            (-0.0000, 1.0000, -0.0000, 0.0000)
            ( 0.9998, 0.0000,  0.0201, 0.0000)
            ( 4.9078, 0.0000,  1.1294, 1.0000)>
MESH
Floor_Modular.h2b.034
<Matrix 4x4 ( 0.0201, 0.0000, -0.9998, 0.0000)
            (-0.0000, 1.0000, -0.0000, 0.0000)
            ( 0.9998, 0.0000,  0.0201, 0.0000)
            ( 6.9074, 0.0000,  1.1696, 1.0000)>
MESH
Floor_Modular.h2b.035
<Matrix 4x4 ( 0.0201, 0.0000, -0.9998, 0.0000)
            (-0.0000, 1.0000, -0.0000, 0.0000)
            ( 0.9998, 0.0000,  0.0201, 0.0000)
            ( 6.8672, 0.0000,  3.1692, 1.0000)>
MESH
Floor_Modular.h2b.036
<Matrix 4x4 ( 0.0201, 0.0000, -0.9998, 0.0000)
            (-0.0000, 1.0000, -0.0000, 0.0000)
            ( 0.9998, 0.0000,  0.0201, 0.0000)
            ( 4.9480, 0.0000, -0.8702, 1.0000)>
MESH
Floor_Modular.h2b.037
<Matrix 4x4 ( 0.0201, 0.0000, -0.9998, 0.0000)
            (-0.0000, 1.0000, -0.0000, 0.0000)
            ( 0.9998, 0.0000,  0.0201, 0.0000)
            ( 4.9883, 0.0000, -2.8698, 1.0000)>
MESH
Floor_Modular.h2b.038
<Matrix 4x4 ( 0.0201, 0.0000, -0.9998, 0.0000)
            (-0.0000, 1.0000, -0.0000, 0.0000)
            ( 0.9998, 0.0000,  0.0201, 0.0000)
            ( 6.9879, 0.0000, -2.8296, 1.0000)>
MESH
Floor_Modular.h2b.039
<Matrix 4x4 ( 0.0201, 0.0000, -0.9998, 0.0000)
            (-0.0000, 1.0000, -0.0000, 0.0000)
            ( 0.9998, 0.0000,  0.0201, 0.0000)
            ( 6.9476, 0.0000, -0.8300, 1.0000)>
MESH
Floor_Modular.h2b.040
<Matrix 4x4 ( 0.0201, 0.0000, -0.9998, 0.0000)
            (-0.0000, 1.0000, -0.0000, 0.0000)
            ( 0.9998, 0.0000,  0.0201, 0.0000)
            ( 4.8676, 0.0000,  7.1290, 1.0000)>
MESH
Floor_Modular.h2b.041
<Matrix 4x4 ( 0.0201, 0.0000, -0.9998, 0.0000)
            (-0.0000, 1.0000, -0.0000, 0.0000)
            ( 0.9998, 0.0000,  0.0201, 0.0000)
            ( 4.9078, 0.0000,  5.1294, 1.0000)>
MESH
Floor_Modular.h2b.042
<Matrix 4x4 ( 0.0201, 0.0000, -0.9998, 0.0000)
            (-0.0000, 1.0000, -0.0000, 0.0000)
            ( 0.9998, 0.0000,  0.0201, 0.0000)
            ( 6.9074, 0.0000,  5.1696, 1.0000)>
MESH
Floor_Modular.h2b.043
<Matrix 4x4 ( 0.0201, 0.0000, -0.9998, 0.0000)
            (-0.0000, 1.0000, -0.0000, 0.0000)
            ( 0.9998, 0.0000,  0.0201, 0.0000)
            ( 6.8672, 0.0000,  7.1692, 1.0000)>
MESH
Floor_Modular.h2b.044
<Matrix 4x4 ( 0.0201, 0.0000, -0.9998, 0.0000)
            (-0.0000, 1.0000, -0.0000, 0.0000)
            ( 0.9998, 0.0000,  0.0201, 0.0000)
            ( 4.9480, 0.0000, -4.8702, 1.0000)>
MESH
Floor_Modular.h2b.045
<Matrix 4x4 ( 0.0201, 0.0000, -0.9998, 0.0000)
            (-0.0000, 1.0000, -0.0000, 0.0000)
            ( 0.9998, 0.0000,  0.0201, 0.0000)
            ( 4.9883, 0.0000, -6.8698, 1.0000)>
MESH
Floor_Modular.h2b.046
<Matrix 4x4 ( 0.0201, 0.0000, -0.9998, 0.0000)
            (-0.0000, 1.0000, -0.0000, 0.0000)
            ( 0.9998, 0.0000,  0.0201, 0.0000)
            ( 6.9879, 0.0000, -6.8296, 1.0000)>
MESH
Floor_Modular.h2b.047
<Matrix 4x4 ( 0.0201, 0.0000, -0.9998, 0.0000)
            (-0.0000, 1.0000, -0.0000, 0.0000)
            ( 0.9998, 0.0000,  0.0201, 0.0000)
            ( 6.9476, 0.0000, -4.8300, 1.0000)>
MESH
Column2.h2b.003
<Matrix 4x4 ( 0.0201, 0.0000, -0.9998, 0.0000)
            (-0.0000, 1.0000, -0.0000, 0.0000)
            ( 0.9998, 0.0000,  0.0201, 0.0000)
            ( 7.3512, 0.0861,  7.7766, 1.0000)>
MESH
Column2.h2b.002
<Matrix 4x4 ( 0.0201, 0.0000, -0.9998, 0.0000)
            (-0.0000, 1.0000, -0.0000, 0.0000)
            ( 0.9998, 0.0000,  0.0201, 0.0000)
            (-3.0111, 0.0721, -6.9301, 1.0000)>
MESH
Barrel.h2b.001
<Matrix 4x4 ( 0.0201, 0.0000, -0.9998, 0.0000)
            (-0.0000, 1.0000, -0.0000, 0.0000)
            ( 0.9998, 0.0000,  0.0201, 0.0000)
            (-2.1125, 0.0847, -3.8507, 1.0000)>
MESH
Barrel.h2b.002
<Matrix 4x4 ( 0.0201, 0.0000, -0.9998, 0.0000)
            (-0.0000, 1.0000, -0.0000, 0.0000)
            ( 0.9998, 0.0000,  0.0201, 0.0000)
            (-1.1125, 0.0847,  6.1493, 1.0000)>
MESH
Barrel.h2b.003
<Matrix 4x4 (-0.2922,  0.1230, -0.9484, 0.0000)
            ( 0.9540, -0.0327, -0.2982, 0.0000)
            (-0.0677, -0.9919, -0.1078, 0.0000)
            ( 4.8875,  0.6066,  6.1493, 1.0000)>
MESH
Barrel.h2b.004
<Matrix 4x4 ( 0.0201, 0.0000, -0.9998, 0.0000)
            (-0.0000, 1.0000, -0.0000, 0.0000)
            ( 0.9998, 0.0000,  0.0201, 0.0000)
            (-1.1125, 0.0847, -4.8507, 1.0000)>
MESH
Column2.h2b.005
<Matrix 4x4 ( 0.0201, 0.0000, -0.9998, 0.0000)
            (-0.0000, 1.0000, -0.0000, 0.0000)
            ( 0.9998, 0.0000,  0.0201, 0.0000)
            ( 2.9889, 0.0721, -6.9301, 1.0000)>
MESH
Floor_Modular.h2b.048
<Matrix 4x4 (-0.0000, -0.0201, -0.9998, 0.0000)
            ( 1.0000, -0.0015,  0.0000, 0.0000)
            (-0.0015, -0.9998,  0.0201, 0.0000)
            (-4.0699,  3.0601,  3.0485, 1.0000)>
MESH
Floor_Modular.h2b.049
<Matrix 4x4 (-0.0000, -0.0201, -0.9998, 0.0000)
            ( 1.0000, -0.0015,  0.0000, 0.0000)
            (-0.0015, -0.9998,  0.0201, 0.0000)
            (-4.0700,  3.0199,  1.0489, 1.0000)>
MESH
Floor_Modular.h2b.050
<Matrix 4x4 (-0.0000, -0.0201, -0.9998, 0.0000)
            ( 1.0000, -0.0015,  0.0000, 0.0000)
            (-0.0015, -0.9998,  0.0201, 0.0000)
            (-4.0729,  1.0203,  1.0892, 1.0000)>
MESH
Floor_Modular.h2b.051
<Matrix 4x4 (-0.0000, -0.0201, -0.9998, 0.0000)
            ( 1.0000, -0.0015,  0.0000, 0.0000)
            (-0.0015, -0.9998,  0.0201, 0.0000)
            (-4.0728,  1.0605,  3.0888, 1.0000)>
MESH
Floor_Modular.h2b.052
<Matrix 4x4 (-0.0000, -0.0201, -0.9998, 0.0000)
            ( 1.0000, -0.0015,  0.0000, 0.0000)
            (-0.0015, -0.9998,  0.0201, 0.0000)
            (-4.0700,  2.9797, -0.9507, 1.0000)>
MESH
Floor_Modular.h2b.053
<Matrix 4x4 (-0.0000, -0.0201, -0.9998, 0.0000)
            ( 1.0000, -0.0015,  0.0000, 0.0000)
            (-0.0015, -0.9998,  0.0201, 0.0000)
            (-4.0701,  2.9395, -2.9503, 1.0000)>
MESH
Floor_Modular.h2b.054
<Matrix 4x4 (-0.0000, -0.0201, -0.9998, 0.0000)
            ( 1.0000, -0.0015,  0.0000, 0.0000)
            (-0.0015, -0.9998,  0.0201, 0.0000)
            (-4.0730,  0.9399, -2.9100, 1.0000)>
MESH
Floor_Modular.h2b.055
<Matrix 4x4 (-0.0000, -0.0201, -0.9998, 0.0000)
            ( 1.0000, -0.0015,  0.0000, 0.0000)
            (-0.0015, -0.9998,  0.0201, 0.0000)
            (-4.0730,  0.9801, -0.9104, 1.0000)>
MESH
Floor_Modular.h2b.056
<Matrix 4x4 (-0.0000, -0.0201, -0.9998, 0.0000)
            ( 1.0000, -0.0015,  0.0000, 0.0000)
            (-0.0015, -0.9998,  0.0201, 0.0000)
            (-4.0699,  3.0601,  7.0485, 1.0000)>
MESH
Floor_Modular.h2b.057
<Matrix 4x4 (-0.0000, -0.0201, -0.9998, 0.0000)
            ( 1.0000, -0.0015,  0.0000, 0.0000)
            (-0.0015, -0.9998,  0.0201, 0.0000)
            (-4.0700,  3.0199,  5.0489, 1.0000)>
MESH
Floor_Modular.h2b.058
<Matrix 4x4 (-0.0000, -0.0201, -0.9998, 0.0000)
            ( 1.0000, -0.0015,  0.0000, 0.0000)
            (-0.0015, -0.9998,  0.0201, 0.0000)
            (-4.0729,  1.0203,  5.0892, 1.0000)>
MESH
Floor_Modular.h2b.059
<Matrix 4x4 (-0.0000, -0.0201, -0.9998, 0.0000)
            ( 1.0000, -0.0015,  0.0000, 0.0000)
            (-0.0015, -0.9998,  0.0201, 0.0000)
            (-4.0728,  1.0605,  7.0888, 1.0000)>
MESH
Floor_Modular.h2b.060
<Matrix 4x4 (-0.0000, -0.0201, -0.9998, 0.0000)
            ( 1.0000, -0.0015,  0.0000, 0.0000)
            (-0.0015, -0.9998,  0.0201, 0.0000)
            (-4.0700,  2.9797, -4.9507, 1.0000)>
MESH
Floor_Modular.h2b.061
<Matrix 4x4 (-0.0000, -0.0201, -0.9998, 0.0000)
            ( 1.0000, -0.0015,  0.0000, 0.0000)
            (-0.0015, -0.9998,  0.0201, 0.0000)
            (-4.0701,  2.9395, -6.9503, 1.0000)>
MESH
Floor_Modular.h2b.062
<Matrix 4x4 (-0.0000, -0.0201, -0.9998, 0.0000)
            ( 1.0000, -0.0015,  0.0000, 0.0000)
            (-0.0015, -0.9998,  0.0201, 0.0000)
            (-4.0730,  0.9399, -6.9100, 1.0000)>
MESH
Floor_Modular.h2b.063
<Matrix 4x4 (-0.0000, -0.0201, -0.9998, 0.0000)
            ( 1.0000, -0.0015,  0.0000, 0.0000)
            (-0.0015, -0.9998,  0.0201, 0.0000)
            (-4.0730,  0.9801, -4.9104, 1.0000)>
MESH
Floor_Modular.h2b.064
<Matrix 4x4 ( 0.0201,  0.9998, -0.0001, 0.0000)
            (-0.0000,  0.0001,  1.0000, 0.0000)
            ( 0.9998, -0.0201,  0.0000, 0.0000)
            ( 0.9480,  1.1246, -7.8900, 1.0000)>
MESH
Floor_Modular.h2b.065
<Matrix 4x4 ( 0.0201,  0.9998, -0.0001, 0.0000)
            (-0.0000,  0.0001,  1.0000, 0.0000)
            ( 0.9998, -0.0201,  0.0000, 0.0000)
            ( 0.9883,  3.1242, -7.8902, 1.0000)>
MESH
Floor_Modular.h2b.066
<Matrix 4x4 ( 0.0201,  0.9998, -0.0001, 0.0000)
            (-0.0000,  0.0001,  1.0000, 0.0000)
            ( 0.9998, -0.0201,  0.0000, 0.0000)
            ( 2.9879,  3.0840, -7.8902, 1.0000)>
MESH
Floor_Modular.h2b.067
<Matrix 4x4 ( 0.0201,  0.9998, -0.0001, 0.0000)
            (-0.0000,  0.0001,  1.0000, 0.0000)
            ( 0.9998, -0.0201,  0.0000, 0.0000)
            ( 2.9476,  1.0844, -7.8900, 1.0000)>
MESH
Floor_Modular.h2b.068
<Matrix 4x4 ( 0.0201,  0.9998, -0.0001, 0.0000)
            (-0.0000,  0.0001,  1.0000, 0.0000)
            ( 0.9998, -0.0201,  0.0000, 0.0000)
            (-3.0511,  1.2051, -7.8900, 1.0000)>
MESH
Floor_Modular.h2b.069
<Matrix 4x4 ( 0.0201,  0.9998, -0.0001, 0.0000)
            (-0.0000,  0.0001,  1.0000, 0.0000)
            ( 0.9998, -0.0201,  0.0000, 0.0000)
            (-3.0109,  3.2047, -7.8902, 1.0000)>
MESH
Floor_Modular.h2b.070
<Matrix 4x4 ( 0.0201,  0.9998, -0.0001, 0.0000)
            (-0.0000,  0.0001,  1.0000, 0.0000)
            ( 0.9998, -0.0201,  0.0000, 0.0000)
            (-1.0113,  3.1644, -7.8902, 1.0000)>
MESH
Floor_Modular.h2b.071
<Matrix 4x4 ( 0.0201,  0.9998, -0.0001, 0.0000)
            (-0.0000,  0.0001,  1.0000, 0.0000)
            ( 0.9998, -0.0201,  0.0000, 0.0000)
            (-1.0516,  1.1648, -7.8900, 1.0000)>
MESH
Floor_Modular.h2b.072
<Matrix 4x4 ( 0.0201,  0.9998, -0.0001, 0.0000)
            (-0.0000,  0.0001,  1.0000, 0.0000)
            ( 0.9998, -0.0201,  0.0000, 0.0000)
            ( 0.9586,  1.1248,  7.9201, 1.0000)>
MESH
Floor_Modular.h2b.073
<Matrix 4x4 ( 0.0201,  0.9998, -0.0001, 0.0000)
            (-0.0000,  0.0001,  1.0000, 0.0000)
            ( 0.9998, -0.0201,  0.0000, 0.0000)
            ( 0.9988,  3.1244,  7.9199, 1.0000)>
MESH
Floor_Modular.h2b.074
<Matrix 4x4 ( 0.0201,  0.9998, -0.0001, 0.0000)
            (-0.0000,  0.0001,  1.0000, 0.0000)
            ( 0.9998, -0.0201,  0.0000, 0.0000)
            ( 2.9984,  3.0841,  7.9199, 1.0000)>
MESH
Floor_Modular.h2b.075
<Matrix 4x4 ( 0.0201,  0.9998, -0.0001, 0.0000)
            (-0.0000,  0.0001,  1.0000, 0.0000)
            ( 0.9998, -0.0201,  0.0000, 0.0000)
            ( 2.9582,  1.0846,  7.9201, 1.0000)>
MESH
Floor_Modular.h2b.076
<Matrix 4x4 ( 0.0201,  0.9998, -0.0001, 0.0000)
            (-0.0000,  0.0001,  1.0000, 0.0000)
            ( 0.9998, -0.0201,  0.0000, 0.0000)
            (-3.0406,  1.2052,  7.9201, 1.0000)>
MESH
Floor_Modular.h2b.077
<Matrix 4x4 ( 0.0201,  0.9998, -0.0001, 0.0000)
            (-0.0000,  0.0001,  1.0000, 0.0000)
            ( 0.9998, -0.0201,  0.0000, 0.0000)
            (-3.0004,  3.2048,  7.9199, 1.0000)>
MESH
Floor_Modular.h2b.078
<Matrix 4x4 ( 0.0201,  0.9998, -0.0001, 0.0000)
            (-0.0000,  0.0001,  1.0000, 0.0000)
            ( 0.9998, -0.0201,  0.0000, 0.0000)
            (-1.0008,  3.1646,  7.9199, 1.0000)>
MESH
Floor_Modular.h2b.079
<Matrix 4x4 ( 0.0201,  0.9998, -0.0001, 0.0000)
            (-0.0000,  0.0001,  1.0000, 0.0000)
            ( 0.9998, -0.0201,  0.0000, 0.0000)
            (-1.0410,  1.1650,  7.9201, 1.0000)>
MESH
Trapdoor_open.h2b.002
<Matrix 4x4 (-0.0298, 0.0000,  0.9996, 0.0000)
            ( 0.0000, 1.0000,  0.0000, 0.0000)
            (-0.9996, 0.0000, -0.0298, 0.0000)
            ( 4.1546, 0.1389, -3.0077, 1.0000)>
MESH
Trapdoor_open.h2b.
<Matrix 4x4 (-0.0298, 0.0000,  0.9996, 0.0000)
            ( 0.0000, 1.0000,  0.0000, 0.0000)
            (-0.9996, 0.0000, -0.0298, 0.0000)
            ( 4.1909, 0.2745,  2.7525, 1.0000)>
MESH
Banner.h2b.
<Matrix 4x4 (-0.0344, 0.0000,  0.9994, 0.0000)
            ( 0.0000, 1.0000,  0.0000, 0.0000)
            (-0.9994, 0.0000, -0.0344, 0.0000)
            ( 0.0000, 0.1052,  2.0231, 1.0000)>
